EffectRack = 0
EffectSlot = 0
EffectType = 23
ExtraData = n/a
AutomatableParams = 5
NonAutomatableParams = 3
WSMix = 0.0500
WSPrGain = 0.3350
WSPrFreq = 0.4600
WSPoGain = 0.7196
WSPoFreq = 0.8150
WSPrRoll = 0.785
WSPoRoll = 0.620
WsBipolr = 1.000

<waveshaperenv>
WaveshaperEnvR0S0 = 3 2
0.00000000	0.50000000	1.00000000	
0.00000000	0.50000000	1.00000000	
0.25000000	0.75000000	0.50000000	
