EffectRack = 0
EffectSlot = 0
EffectType = 23
ExtraData = n/a
AutomatableParams = 5
NonAutomatableParams = 3
WSMix = 1.0000
WSPrGain = 0.3325
WSPrFreq = 0.2650
WSPoGain = 0.3563
WSPoFreq = 0.6750
WSPrRoll = 0.500
WSPoRoll = 0.430
WsBipolr = 1.000

<waveshaperenv>
WaveshaperEnvR0S0 = 3 2
0.00000000	0.74452549	1.00000000	
0.00000000	0.63636363	0.63636363	
0.50000000	0.50000000	0.50000000	
