EffectRack = 0
EffectSlot = 0
EffectType = 23
ExtraData = n/a
AutomatableParams = 5
NonAutomatableParams = 3
WSMix = 0.7550
WSPrGain = 0.5133
WSPrFreq = 0.7850
WSPoGain = 0.3733
WSPoFreq = 0.6850
WSPrRoll = 0.615
WSPoRoll = 0.270
WsBipolr = 1.000

<waveshaperenv>
WaveshaperEnvR0S0 = 3 2
0.00000000	0.50000000	1.00000000	
0.00000000	0.50000000	1.00000000	
0.36363637	0.63636363	0.50000000	
