EffectRack = 0
EffectSlot = 0
EffectType = 23
ExtraData = n/a
AutomatableParams = 5
NonAutomatableParams = 3
WSMix = 1.0000
WSPrGain = 0.3575
WSPrFreq = 0.2150
WSPoGain = 0.3313
WSPoFreq = 0.7500
WSPrRoll = 0.590
WSPoRoll = 0.295
WsBipolr = 1.000

<waveshaperenv>
WaveshaperEnvR0S0 = 3 2
0.00000000	0.67883205	1.00000000	
0.00000000	0.87121212	0.87121212	
0.50000000	0.50000000	0.50000000	
