EffectRack = 0
EffectSlot = 0
EffectType = 23
ExtraData = n/a
AutomatableParams = 5
NonAutomatableParams = 3
WSMix = 1.0000
WSPrGain = 0.3175
WSPrFreq = 0.5000
WSPoGain = 0.3500
WSPoFreq = 0.8300
WSPrRoll = 0.500
WSPoRoll = 0.430
WsBipolr = 1.000

<waveshaperenv>
WaveshaperEnvR0S0 = 3 2
0.00000000	0.48175177	1.00000000	
0.00000000	1.00000000	0.00000000	
0.10655738	0.88524592	0.50000000	
