EffectRack = 0
EffectSlot = 0
EffectType = 23
ExtraData = n/a
AutomatableParams = 5
NonAutomatableParams = 3
WSMix = 0.0250
WSPrGain = 0.4550
WSPrFreq = 0.3800
WSPoGain = 0.5746
WSPoFreq = 0.5850
WSPrRoll = 0.000
WSPoRoll = 0.620
WsBipolr = 1.000

<waveshaperenv>
WaveshaperEnvR0S0 = 2 2
0.00000000	1.00000000	
0.00000000	1.00000000	
0.04098361	0.50000000	
