EffectRack = 0
EffectSlot = 0
EffectType = 23
ExtraData = n/a
AutomatableParams = 5
NonAutomatableParams = 3
WSMix = 0.7500
WSPrGain = 0.4825
WSPrFreq = 0.5000
WSPoGain = 0.3613
WSPoFreq = 0.6100
WSPrRoll = 0.230
WSPoRoll = 0.400
WsBipolr = 1.000

<waveshaperenv>
WaveshaperEnvR0S0 = 3 2
0.00000000	0.50364965	1.00000000	
1.00000000	0.48360655	1.00000000	
0.50793648	0.52380955	0.50000000	
