EffectRack = 0
EffectSlot = 0
EffectType = 23
ExtraData = n/a
AutomatableParams = 5
NonAutomatableParams = 3
WSMix = 1.0000
WSPrGain = 0.2583
WSPrFreq = 0.5000
WSPoGain = 0.3396
WSPoFreq = 0.7400
WSPrRoll = 0.465
WSPoRoll = 0.285
WsBipolr = 1.000

<waveshaperenv>
WaveshaperEnvR0S0 = 3 2
0.00000000	0.50000000	1.00000000	
0.00000000	0.50000000	1.00000000	
0.14393938	0.85606062	0.50000000	
