EffectRack = 0
EffectSlot = 0
EffectType = 23
ExtraData = n/a
AutomatableParams = 5
NonAutomatableParams = 3
WSMix = 1.0000
WSPrGain = 1.0000
WSPrFreq = 0.4250
WSPoGain = 0.2946
WSPoFreq = 0.6500
WSPrRoll = 1.000
WSPoRoll = 0.385
WsBipolr = 1.000

<waveshaperenv>
WaveshaperEnvR0S0 = 3 2
0.00000000	0.50000000	1.00000000	
0.00000000	0.50000000	1.00000000	
0.18181819	0.81818181	0.50000000	
