EffectRack = 0
EffectSlot = 0
EffectType = 23
ExtraData = n/a
AutomatableParams = 5
NonAutomatableParams = 3
WSMix = 1.0000
WSPrGain = 0.4350
WSPrFreq = 0.5000
WSPoGain = 0.2713
WSPoFreq = 0.8500
WSPrRoll = 0.500
WSPoRoll = 0.415
WsBipolr = 1.000

<waveshaperenv>
WaveshaperEnvR0S0 = 3 2
0.00000000	1.00000000	1.00000000	
0.00000000	0.03030303	1.00000000	
0.03787879	0.42916390	0.50000000	
