EffectRack = 0
EffectSlot = 0
EffectType = 21
ExtraData = n/a
AutomatableParams = 7
NonAutomatableParams = 13
CRWet = 1.0000
CRFlt1Ct = 1.0000
CRFlt1Rs = 0.0000
CRFlt2Ct = 0.2089
CRFlt2Rs = 0.5186
CRSpread = 1.0000
CRDry = 0.0000
CRFlt1Tp = 0
CRFlt2Tp = 17
CRStart = 0.000
CRPreDly = 0.000
CREnd = 1.000
CRStrtch = 0.500
CRRevrse = 1.000
CRFlt1En = 0.000
CRFlt2En = 1.000
CREnvEn = 1.000
CRSync = 0.000
CRF1Ver = 1.000
CRF2Ver = 1.000

<convrevenv>
ConvRevEnvR0S0 = 3 1
0.00000000	0.89999998	1.00000000	
1.00000000	1.00000000	0.00000000	

<convrevfile>
Impulse = /Library/Audio/Impulse Responses/Apple/03 Small Spaces/01 Rooms/0.4s_Snare Chamber.SDIR
