EffectRack = 0
EffectSlot = 0
EffectType = 21
ExtraData = n/a
AutomatableParams = 7
NonAutomatableParams = 13
CRWet = 1.0000
CRFlt1Ct = 1.0000
CRFlt1Rs = 0.0000
CRFlt2Ct = 0.0000
CRFlt2Rs = 0.0000
CRSpread = 1.0000
CRDry = 1.0000
CRFlt1Tp = 0
CRFlt2Tp = 21
CRStart = 0.042
CRPreDly = 0.000
CREnd = 0.765
CRStrtch = 0.609
CRRevrse = 0.000
CRFlt1En = 0.000
CRFlt2En = 0.000
CREnvEn = 1.000
CRSync = 0.000
CRF1Ver = 1.000
CRF2Ver = 1.000

<convrevenv>
ConvRevEnvR0S0 = 3 1
0.00000000	1.00000000	1.00000000	
1.00000000	1.00000000	0.00000000	

<convrevfile>
Impulse = /Library/Audio/Impulse Responses/Apple/01 Large Spaces/03 Plate Reverbs/2.6s_Vocal Plate.SDIR
