
<effects>
Slt1On = 1
Slt2On = 1
Slt3On = 1
Slt4On = 0
Slt5On = 0
Slt6On = 0
Slt7On = 0
Slt8On = 0
Slt9On = 0
Slt10On = 0
Slt11On = 0
Slt12On = 0
Slt13On = 0
Slt14On = 0
Slt15On = 0
Slt16On = 0
NumEffects = 3
EffectRack = 0
EffectSlot = 0
EffectType = 21
ExtraData = n/a
AutomatableParams = 7
NonAutomatableParams = 13
CRWet = 0.6982
CRFlt1Ct = 1.0000
CRFlt1Rs = 0.0000
CRFlt2Ct = 0.3599
CRFlt2Rs = 0.0000
CRSpread = 1.0000
CRDry = 0.5032
CRFlt1Tp = 0
CRFlt2Tp = 21
CRStart = 0.065
CRPreDly = 0.580
CREnd = 1.000
CRStrtch = 0.500
CRRevrse = 1.000
CRFlt1En = 0.000
CRFlt2En = 1.000
CREnvEn = 1.000
CRSync = 0.000
CRF1Ver = 1.000
CRF2Ver = 1.000
EffectRack = 0
EffectSlot = 1
EffectType = 1
ExtraData = n/a
AutomatableParams = 13
NonAutomatableParams = 10
DelLRate = 0.5220
DelRRate = 0.6106
DelLOff = 0.0000
DelROff = 0.0000
DelMix = 0.5000
DelFback = 0.5000
DelFbaR = 0.5000
DelCross = 0.0000
DelF1Cut = 1.0000
DelF2Cut = 0.0000
DelF1Res = 0.0000
DelF2Res = 0.0000
DelIPan = 0.5000
DelSync = 1.000
DelF1On = 0.000
DelF2On = 0.000
DelF1Typ = 0
DelF2Typ = 0
DelMono = 0.000
DelF1Ver = 1.000
DelF2Ver = 1.000
DelF1Fat = 0.000
DelF2Fat = 0.000
EffectRack = 0
EffectSlot = 2
EffectType = 21
ExtraData = n/a
AutomatableParams = 7
NonAutomatableParams = 13
CRWet = 0.0000
CRFlt1Ct = 0.0000
CRFlt1Rs = 0.0000
CRFlt2Ct = 0.0000
CRFlt2Rs = 0.0000
CRSpread = 0.0000
CRDry = 1.0000
CRFlt1Tp = 0
CRFlt2Tp = 21
CRStart = 0.000
CRPreDly = 0.060
CREnd = 1.000
CRStrtch = 0.625
CRRevrse = 0.000
CRFlt1En = 0.000
CRFlt2En = 0.000
CREnvEn = 1.000
CRSync = 0.000
CRF1Ver = 1.000
CRF2Ver = 1.000
LegacyMap1 = -1
LegacyMap2 = -1
LegacyMap3 = -1
LegacyMap4 = -1
LegacyMap5 = -1
LegacyMap6 = -1
LegacyMap7 = -1
LegacyMap8 = -1
LegacyMap9 = -1
LegacyMap10 = -1
LegacyMap11 = -1
LegacyMap12 = -1
LegacyMap13 = -1
LegacyMap14 = -1
LegacyMap15 = -1
LegacyMap16 = -1
LegacyMap17 = -1
LegacyMap18 = -1
LegacyMap19 = -1
LegacyMap20 = -1
LegacyMap21 = -1
LegacyMap22 = -1

<convrevenv>
ConvRevEnvR0S0 = 3 1
0.00000000	0.89999998	1.00000000	
1.00000000	1.00000000	0.00000000	

<convrevfile>
Impulse = /Library/Audio/Impulse Responses/Apple/01 Large Spaces/07 Indoor Spaces/4.2s_Central Station.SDIR

<convrevenv>
ConvRevEnvR0S2 = 3 1
0.00000000	0.89999998	1.00000000	
1.00000000	1.00000000	0.00000000	

<convrevfile>
Impulse = /Library/Audio/Impulse Responses/Apple/01 Large Spaces/02 Halls/04.7s Prison Main Floor-OST.SDIR
