
<mseg>
MsgTrig = 1
MsgSync = 0
MsgSnap = 0
MsgLoop = 2
MsgLoopS = 0
MsgLoopE = 8
MsegEnv = 9 2
0.00000000	0.50000000	1.00000000	1.50000000	2.00000000	2.50000000	3.00000000	3.50000000	4.00000000	
0.44000000	0.44000000	0.44000000	0.44000000	0.44000000	0.44000000	0.44000000	0.44000000	0.44000000	
0.50000000	0.50000000	0.50000000	0.50000000	0.50000000	0.50000000	0.50000000	0.50000000	0.50000000	
