
<mseg>
MsgTrig = 1
MsgSync = 1
MsgSnap = 0
MsgLoop = 2
MsgLoopS = 0
MsgLoopE = 83
MsegEnv = 84 2
0.00000000	1.63999999	2.46700001	2.87199998	3.87700009	4.58099985	5.47499990	6.35400009	7.29799986	8.30700016	8.77900028	9.49499989	10.47099972	11.87800026	12.64299965	14.22900009	14.74199963	16.09300041	16.68700027	17.17499924	17.93199921	18.52499962	19.37999916	19.95400047	20.38999939	20.95000076	21.80400085	22.50099945	23.01099968	23.64299965	24.50300026	24.77400017	25.31500053	26.01000023	26.44000053	26.83499908	27.42099953	28.17499924	28.86499977	29.46999931	29.88800049	30.50000000	30.92600060	31.45299911	31.93400002	32.35699844	32.89500046	33.52299881	34.14199829	34.66199875	35.41899872	36.15499878	36.81600189	37.59299850	38.19200134	38.72200012	39.10400009	39.53599930	40.16299820	40.93799973	41.53400040	41.99200058	42.68999863	43.17800140	43.59000015	44.07099915	44.64199829	45.45100021	45.83300018	46.17800140	46.54600143	47.06000137	47.64899826	48.32699966	48.95299911	49.45100021	49.99700165	51.08900070	52.49300003	53.85300064	54.83900070	56.03599930	57.57600021	60.00000000	
0.00000000	0.48800001	0.37599999	0.20000000	0.45600000	0.82400000	0.54400003	0.28799999	0.30399999	0.56800002	0.83999997	0.60000002	0.03200000	0.56000000	0.89600003	0.29600000	0.09600000	0.72000003	0.85600001	0.20000000	0.01600000	0.54400003	0.88000000	0.78399998	0.26400000	0.07200000	0.46399999	0.95200002	0.36800000	0.12800001	0.77600002	0.97600001	0.40000001	0.04800000	0.26400000	0.61600000	0.54400003	0.18400000	0.00000000	0.23199999	0.71200001	0.97600001	0.81599998	0.29600000	0.09600000	0.40000001	0.66399997	0.47200000	0.23199999	0.15200000	0.40000001	0.72000003	0.95999998	0.40000001	0.08800000	0.27200001	0.79200000	0.95999998	0.86400002	0.23199999	0.03200000	0.24800000	0.86400002	0.95999998	0.48800001	0.12000000	0.05600000	0.20800000	0.82400000	0.95200002	0.30399999	0.09600000	0.26400000	0.70400000	0.91200000	0.73600000	0.31999999	0.24800000	0.36800000	0.69599998	0.40000001	0.16800000	0.05600000	0.01695884	
0.65600002	0.21400000	0.63599998	0.21900000	0.67199999	0.19100000	0.81099999	0.50000000	0.21100000	0.70599997	0.20000000	0.82999998	0.23700000	0.71399999	0.14700000	0.83999997	0.18700001	0.82400000	0.13900000	0.92000002	0.23199999	0.76899999	0.25000000	0.30100000	0.79200000	0.24500000	0.75599998	0.15099999	0.80000001	0.24699999	0.72000003	0.18099999	0.79500002	0.14800000	0.75000000	0.22200000	0.42199999	0.82599998	0.31000000	0.56699997	0.66700000	0.30000001	0.43099999	0.68000001	0.21100000	0.69700003	0.12500000	0.76700002	0.50000000	0.25799999	0.64999998	0.76700002	0.25700000	0.79500002	0.17399999	0.50000000	0.66700000	0.16700000	0.35600001	0.83999997	0.25900000	0.61000001	0.83300000	0.38499999	0.67400002	0.87500000	0.31600001	0.59700000	0.87500000	0.28400001	0.73100001	0.33300000	0.45100001	0.84600002	0.31799999	0.50000000	0.66700000	0.26699999	0.68300003	0.13500001	0.50000000	0.64300001	0.64399999	0.50000000	
