
<mseg>
MsgTrig = 1
MsgSync = 1
MsgSnap = 0
MsgLoop = 2
MsgLoopS = 0
MsgLoopE = 1
MsegEnv = 2 2
0.00000000	60.00000000	
0.00000000	1.00000000	
0.48800001	0.50000000	
