
<mseg>
MsgTrig = 1
MsgSync = 1
MsgSnap = 0
MsgLoop = 2
MsgLoopS = 0
MsgLoopE = 66
MsegEnv = 67 2
0.00100000	0.23000000	0.36000001	0.42899999	0.58200002	0.64499998	0.73699999	1.03199995	1.23500001	1.37000000	1.48500001	1.62199998	1.82400000	2.05800009	2.21099997	2.52500010	2.69300008	2.78600001	2.89199996	3.05299997	3.18400002	3.36199999	3.46700001	3.58200002	3.58500004	3.78099990	3.87199998	4.00299978	4.04799986	4.21899986	4.45800018	4.57200003	4.68900013	4.81300020	4.95200014	5.11899996	5.30700016	5.42000008	5.51599979	5.60300016	5.74800014	5.79600000	5.93900013	6.14300013	6.25299978	6.30900002	6.36800003	6.50899982	6.64699984	6.79199982	6.95900011	7.07900000	7.13199997	7.22900009	7.31400013	7.50299978	7.70100021	7.92299986	8.19099998	8.27600002	8.33800030	8.48999977	8.61699963	8.64000034	8.82999992	8.92399979	9.20699978	
1.00000000	0.48800001	0.37599999	0.68800002	0.45600000	0.83999997	0.22400001	0.60000002	0.06400000	0.45600000	0.28799999	0.90399998	0.50400001	0.80800003	0.29600000	0.82400000	0.04800000	0.81599998	0.67199999	0.16800000	0.84799999	0.12000000	0.52800000	0.24800000	1.00000000	0.36800000	0.60799998	0.77600002	0.40000001	0.80000001	0.20800000	0.76800001	0.00000000	0.88000000	0.22400001	0.70400000	0.09600000	0.56800002	0.23999999	0.51200002	0.88800001	0.47200000	1.00000000	0.15200000	0.40000001	0.19200000	0.95999998	0.40000001	1.00000000	0.27200001	0.79200000	0.69599998	0.28000000	0.41600001	0.01600000	0.86400002	0.26400000	0.70400000	0.20800000	0.41600001	0.30399999	0.83200002	0.73600000	0.03200000	0.69599998	0.20000000	1.00000000	
0.50000000	0.50000000	0.50000000	0.50000000	0.50000000	0.50000000	0.50000000	0.50000000	0.50000000	0.50000000	0.50000000	0.50000000	0.50000000	0.50000000	0.50000000	0.50000000	0.50000000	0.50000000	0.50000000	0.50000000	0.50000000	0.50000000	0.50000000	0.50000000	0.50000000	0.50000000	0.50000000	0.50000000	0.50000000	0.50000000	0.50000000	0.50000000	0.50000000	0.50000000	0.50000000	0.50000000	0.50000000	0.50000000	0.50000000	0.50000000	0.50000000	0.50000000	0.50000000	0.50000000	0.50000000	0.50000000	0.50000000	0.50000000	0.50000000	0.50000000	0.50000000	0.50000000	0.50000000	0.50000000	0.50000000	0.50000000	0.50000000	0.50000000	0.50000000	0.50000000	0.50000000	0.50000000	0.50000000	0.50000000	0.50000000	0.50000000	0.50000000	
